287	258	4.125962656916435
287	174	3.8803180415590686
287	172	3.604167630425376
287	1	3.5632575232865813
287	288	3.3610677706092065
287	127	3.3584932336237343
287	173	3.3520484790639284
287	98	3.2931971336870394
287	56	3.158770469806898
287	204	3.1172560735555024
287	294	3.028049643871325
287	300	3.012339415433022
287	210	2.987293927878541
287	89	2.986552846419564
287	79	2.981387575475135
287	7	2.959059468775214
287	195	2.954443132062689
287	96	2.942386300006482
287	191	2.86694913265384
287	286	2.827887918333981
143	50	13.814560843984948
143	181	11.500969393797751
143	174	10.561111765645244
143	100	10.192773401221855
143	172	9.809509622502354
143	1	9.698164055151969
143	168	9.674280754530033
143	127	9.140854441460252
143	173	9.12331366967833
143	98	8.96313720233026
143	56	8.597266413823816
143	204	8.48427614498541
143	121	8.475939098987721
143	300	8.198723120557467
143	222	8.132418985817983
143	210	8.130556493375105
143	89	8.128539482389954
143	79	8.11448109770094
143	7	8.053710401111758
143	195	8.041146057816528
345	174	35.311333982768005
345	100	32.99079248985817
345	172	31.48646585682397
345	98	31.19506572782627
345	168	30.152176021289304
345	173	29.300285694247954
345	127	29.28598886573792
345	1	28.706492307239365
345	195	26.23101652006596
345	89	26.190867316454224
345	22	25.69139891076152
345	313	25.51690704945608
345	96	25.50796204020481
345	121	25.133528705929216
345	7	25.102318201471327
345	423	25.039030045328648
345	216	24.879559115642298
345	183	24.765557948070466
345	64	24.758624877793046
345	176	24.431904145969952
144	50	27.42930607879393
144	181	22.08434873331164
144	172	20.64723785073144
144	168	19.555057224966344
144	204	19.074701547370307
144	79	18.37455109194988
144	210	17.647059904582
144	195	17.39266259060556
144	22	17.184578091546637
144	96	17.06780597357635
144	64	17.022698458421363
144	89	17.022282662794904
144	191	16.97018640158204
144	216	16.406904698628328
144	176	16.28423483252161
144	121	16.118402766932764
144	313	15.592246953059115
144	28	15.582619407625764
144	222	15.559191161462891
144	237	15.131418970609936
346	174	28.718413508288677
346	258	23.257350018191755
346	1	22.45070717875331
346	210	22.387516300859005
346	69	22.28874247295934
346	176	20.8984491766956
346	191	20.132469670633654
346	121	20.031567078252337
346	222	19.241267031444572
346	28	19.15940432973221
346	202	18.760038357135983
346	357	18.412610907773306
346	186	18.325397462583645
346	82	18.046044488238643
346	483	17.83772535245355
346	237	17.81985985359255
346	313	17.80206027158458
346	238	17.595005046036402
346	135	17.344827973401298
346	265	17.12228393404343
145	50	50.32187378381929
145	174	43.919896420610854
145	100	39.49156683463634
145	172	39.14685094841283
145	56	38.35233493105609
145	168	35.90268480326538
145	79	35.834806136576034
145	127	35.37834236108268
145	258	35.024245197227096
145	204	35.02351315206738
145	195	34.639272199010854
145	1	34.43116877942193
145	210	33.93729605711911
145	69	33.705502171350176
145	22	33.344782835011266
145	318	32.39080496941336
145	7	32.10998192519235
145	183	32.101924753000425
145	423	30.5524985549324
145	191	30.134409607990808
58	50	4.622044782030089
58	100	3.3953040568016126
58	258	3.3657984567158192
58	173	3.108766192645122
58	204	2.891014362057562
58	222	2.7711191484691837
58	89	2.7697972089263843
58	79	2.7650068188743955
58	195	2.7400179276684895
58	96	2.728836146700571
58	288	2.6728159132702496
58	286	2.5645098229368406
58	183	2.5231865314182564
58	69	2.521901036654425
58	318	2.5198004174018047
58	22	2.5153331842291444
58	64	2.4749498788377267
58	216	2.4740808283811515
58	294	2.4701640698499783
58	423	2.436624551198988
347	98	42.341035066050985
347	56	40.98105901380668
347	79	38.830814969005544
347	168	38.18709537039989
347	96	37.70266462178482
347	173	37.43215132529486
347	127	37.18575611338808
347	69	36.554610227723956
347	22	35.85049647423225
347	12	35.18122342051774
347	89	34.92792191938324
347	318	34.59977543512357
347	64	34.26909889283681
347	7	34.19667538263453
347	423	32.819474085151114
347	222	32.043661219477116
347	191	31.804325598547006
347	216	31.280806817624732
347	144	30.62502661198357
347	82	30.56834288235974
348	50	36.61926242067134
348	174	31.14795709275268
348	181	30.824414818771658
348	100	28.76445529705059
348	98	28.24449435701545
348	172	27.90365884341357
348	56	26.90848802139323
348	1	26.004855391055557
348	79	25.920268795050628
348	127	25.679041835926498
348	168	25.37569156031498
348	204	24.985009003275266
348	195	24.900592207073625
348	96	24.832789323978254
348	173	24.75567228259205
348	258	24.35748231498678
348	69	24.278961007581874
348	22	24.01551384460054
348	210	23.744294590704314
348	176	23.649685779722716
349	50	40.16373328792432
349	181	34.102403143125095
349	174	33.813003592642126
349	98	30.745448245198496
349	172	30.023812629469948
349	56	29.290403238064748
349	1	28.948235523599926
349	127	28.84410929208282
349	79	27.936191562508586
349	168	27.47037039038241
349	195	26.95153191206746
349	258	26.948166509132648
349	96	26.94205825901843
349	204	26.84312214136847
349	7	26.74902771752262
349	173	26.714827273538205
349	69	26.323982233572167
349	22	25.86718783077181
349	117	25.846018692986622
349	210	25.83622942873499
146	50	77.95249376072825
146	181	65.75563846457563
146	174	64.8503251844206
146	100	63.526147634081774
146	98	58.91036915237771
146	172	57.99861086034656
146	56	56.2679709397012
146	1	55.8165073806261
146	127	55.722868702639985
146	79	53.79599120741234
146	168	52.92340381414216
146	121	52.24033433375444
146	204	51.98494957411865
146	195	51.6859775580918
146	96	51.685126784921195
146	7	51.59795597524589
146	173	51.42200638444649
146	69	50.60642874640071
146	22	49.76241418497189
146	117	49.757191885533715
59	50	50.58139618854869
59	100	38.0962368635911
59	172	37.57869808934565
59	258	36.52944765194777
59	127	36.45301387331233
59	98	36.179336418621986
59	195	33.5745460163201
59	173	33.37298372172055
59	204	33.35322895984792
59	121	33.224822742791766
59	117	31.374392999951517
59	183	31.32596345106949
59	318	31.23369968092596
59	7	31.15504162730208
59	12	30.673131068287358
59	222	30.13080787813689
59	405	27.315390302574414
59	286	27.117106130638792
59	186	27.02526919316592
59	202	26.54992482584505
147	50	40.74483873826992
147	181	34.21649420919816
147	174	34.04315529868235
147	100	33.089709957789175
147	98	30.92894247162683
147	258	30.583395287569864
147	172	30.238917104611517
147	127	29.36638995216581
147	56	29.15716100531764
147	1	28.814041775307125
147	79	27.866383578967728
147	168	27.624917425680582
147	195	27.01684638990501
147	173	26.854652758201226
147	204	26.838756448934003
147	96	26.829691915312203
147	121	26.77820789514642
147	7	26.48655419514014
147	69	26.271703657872447
147	22	25.986078172631192
148	100	22.28272913164938
148	172	21.809014323341042
148	98	21.611168754014987
148	258	20.218419371361765
148	1	19.911414566857463
148	79	19.486674254194753
148	195	19.37489442181822
148	204	19.2106121866403
148	96	18.972568604704623
148	210	18.53122785200933
148	121	18.199135910519736
148	22	18.190996105729653
148	183	18.104067959811893
148	7	18.023908068056762
148	176	17.890697175693372
148	318	17.63795167283808
148	64	17.26135279447726
148	423	17.12409363880525
148	117	16.836483972897398
148	12	16.664238187122287
60	100	21.841812121692588
60	172	21.342473990380196
60	98	21.168691303730277
60	56	19.86223818291117
60	127	19.793784020416137
60	258	19.785905184080875
60	1	19.50034076785588
60	79	19.06981362216144
60	22	17.801852733441912
60	183	17.716784161989043
60	176	17.507977824259108
60	318	17.260639075203336
60	64	16.916884624125146
60	191	16.613682317559984
60	222	16.553344528146976
60	117	16.476316442070534
60	288	15.813339544774662
60	28	15.794465144270593
60	216	15.576036131663894
60	202	15.499565754400269
61	50	25.967709789027264
61	181	21.865863608635774
61	174	21.80270398819112
61	100	20.283775918484874
61	172	19.449356725951098
61	98	19.292784880617557
61	127	18.315911459128067
61	56	18.145579781381684
61	168	17.907447246932396
61	1	17.89616596182212
61	173	17.526820151208444
61	79	17.42173151852941
61	195	17.267329643969244
61	204	17.12091772307275
61	96	16.941763102092274
61	69	16.765272395800235
61	210	16.58373208037532
61	288	16.547951403003704
61	313	16.466894884724216
61	89	16.368167496841746
288	50	24.30941085906192
288	181	20.4943218475353
288	172	18.239097148553
288	127	17.17172842077083
288	56	16.963833450276354
288	168	16.738963425142437
288	1	16.72597250375219
288	79	16.28808243595885
288	195	16.147675879300355
288	204	16.04569758090398
288	96	15.798469240341984
288	69	15.672147478550066
288	288	15.437166886975692
288	313	15.349483466655544
288	89	15.333167674717124
288	7	15.133190086818752
288	183	15.115097471249625
288	318	14.725692861730826
288	64	14.429506493673047
288	300	14.330446343078684
149	50	25.664054199542413
149	181	21.610173301033782
149	174	21.547752242901073
149	100	20.046585885804028
149	172	19.221924043989464
149	98	19.067183084643858
149	127	18.101732814331907
149	56	17.933392924326306
149	168	17.69804501261469
149	1	17.686895646156778
149	173	17.32186881171608
149	79	17.218009041765544
149	195	17.06541267845832
149	204	16.920712837622357
149	96	16.743653176208383
149	69	16.56922627877331
149	210	16.389808820232716
149	288	16.354446547208948
149	89	16.176764959212477
149	121	16.16970706664916
150	50	98.10610891980257
150	181	82.74690718735346
150	174	79.60174413889115
150	258	78.23099935435621
150	100	77.89963151402756
150	98	70.8270199030698
150	172	70.51621470202976
150	127	69.54854399216991
150	1	69.37838267698663
150	56	65.78124298743654
150	168	64.81999831150182
150	173	63.7687736073864
150	121	63.27890170438014
150	79	63.24122618395097
150	195	62.7127408728387
150	7	62.11450481447279
150	204	61.96051786254164
150	96	61.32612853376457
150	313	60.973014970638516
150	286	60.92814391759796
289	50	85.43847084143844
289	181	72.1436535821206
289	174	70.34263958569073
289	258	68.3076783738917
289	100	66.72228638703673
289	172	62.42749707510119
289	98	62.2669798147131
289	127	60.10352961841617
289	1	59.86300551722658
289	56	58.07346128285203
289	168	57.27721578721857
289	173	56.28323466062072
289	79	55.83680507561024
289	195	55.363177074903
289	204	54.81481664685989
289	288	54.11299881788912
289	96	54.072769142181585
289	69	53.722924835130215
289	7	53.45190592263815
289	210	53.283707765662676
151	100	20.37085135754879
151	172	19.78438783337469
151	127	18.586470934772603
151	79	17.583614528732717
151	96	17.0542933124088
151	210	16.95502516560637
151	121	16.953055111976735
151	89	16.738849399351757
151	22	16.672874620538703
151	7	16.54444825781236
151	183	16.389327686187592
151	176	16.262715188877888
151	318	16.071034351041803
151	288	15.81340936038633
151	117	15.772453180813725
151	64	15.600323238360845
151	191	15.600248000459722
151	313	15.193557598879151
151	12	14.500296669627543
151	300	14.293029309561762
62	181	21.747575933744713
62	100	19.879604777654343
62	258	19.41627107537119
62	168	17.741547169255846
62	173	17.41158686546363
62	79	17.115354376096185
62	96	16.63286008968659
62	121	16.50158706134256
62	89	16.293085750365233
62	183	15.952871969338034
62	176	15.82963122402045
62	318	15.643054939530662
62	288	15.392290626880282
62	423	15.336415038549049
62	286	14.835402048723273
62	313	14.78894581734143
62	28	14.580762688628456
62	216	14.194426697133046
62	202	14.144174415808886
62	12	14.114146761672062
290	50	43.28361060877214
290	100	33.49208169751843
290	258	33.35582929935088
290	172	32.00330930352522
290	98	31.70033349817634
290	127	30.354689319988033
290	56	29.4698447296167
290	173	28.95068720382171
290	79	28.505116521026594
290	195	28.368728843901465
290	204	28.287722507494166
290	96	27.6739242296046
290	210	27.335152897049177
290	7	26.92997168449865
290	22	26.889416762938126
290	288	26.678060559467642
290	222	26.2320427268597
290	313	25.648414068284943
290	286	25.589239378501304
290	423	25.3135008298333
63	50	1106.3216947141646
63	174	912.7794819915326
63	100	867.6796408358135
63	98	807.7972671927121
63	172	807.3049474013079
63	127	782.9059483465859
63	168	744.3373118258635
63	56	741.0233208251084
63	173	729.2561452489738
63	204	714.5003360807054
63	195	714.4968020691199
63	69	706.887522763089
63	7	700.6124297781819
63	96	698.4323019861123
63	210	692.790431185226
63	89	682.4615109012257
63	22	681.1620945752786
63	222	669.2799920782246
63	183	668.2656108712002
63	288	665.5118382585855
291	181	47.424960356751384
291	174	46.51984405071758
291	258	41.55398139092585
291	127	39.422410829262255
291	168	38.3748415298806
291	56	37.95750144603169
291	7	35.370270924817696
291	89	34.79981168034369
291	183	34.453366319672135
291	176	34.38933517465902
291	222	34.11539470393789
291	318	33.81231157186047
291	191	32.20554140164283
291	286	31.747096057367415
291	28	31.45032027772159
291	313	31.21195247956807
291	237	30.607925030505
291	216	30.251461000620218
291	294	29.883021666829936
291	132	29.87002726281315
64	181	34.06651434927136
64	100	31.096495249473904
64	1	28.895575123620393
64	56	27.28808498857207
64	173	27.015432748681608
64	204	26.47097390712958
64	69	26.14784247479945
64	96	25.99335339016124
64	7	25.374201824394984
64	176	24.725728492303677
64	222	24.406489022074613
64	117	24.222092133833605
64	318	24.11253300326417
64	64	23.604357063873078
64	286	22.221513112270355
64	202	22.054329226103345
64	12	21.963351944095553
64	216	21.89829076977674
64	151	21.77910558751956
64	357	21.31468902910278
292	174	86.1237565957196
292	100	79.3330719012554
292	172	77.19435393348023
292	258	74.7410726070641
292	127	71.93123063566267
292	168	70.85524361779794
292	56	69.99837880286525
292	173	69.36573898020444
292	79	68.64615906134776
292	204	68.34118307550712
292	195	68.30112537126206
292	69	67.36339760895034
292	121	65.96688770762233
292	210	65.78980159882563
292	22	65.03190269127991
292	89	64.72050156557381
292	183	63.87123053507835
292	176	63.52354460492438
292	318	62.329488218802524
292	222	62.31568116142131
152	50	700.5628806415845
152	181	596.8935132816586
152	174	592.5754795595998
152	100	541.4617898054948
152	98	531.4375558426739
152	172	529.4760952534577
152	258	510.5483186287038
152	1	507.14681104438534
152	127	489.83357026070695
152	168	485.35195651758625
152	56	479.9552952747165
152	79	472.755992374858
152	204	468.53932091590804
152	195	468.508143758155
152	96	459.0917647823322
152	210	453.404492047838
152	22	446.52362488983357
152	7	442.6008253936868
152	89	440.7375116638523
152	183	435.1124236161209
153	174	75.30634178699084
153	100	68.15456554024209
153	98	67.33794851512756
153	1	63.84753062257433
153	127	62.21848732080306
153	168	61.4089063264422
153	56	61.10940777422679
153	173	60.57298273201927
153	195	59.31073897129278
153	204	59.259404815321645
153	69	58.67928462919048
153	96	58.30810269952385
153	210	57.557421748358166
153	121	57.47321063237882
153	22	56.9230194736599
153	89	56.241846950383845
153	7	55.79293996622647
153	183	55.337478068943085
153	176	55.16451172310398
153	318	54.12755462239403
154	50	87.48932315780151
154	181	74.22674493231956
154	100	66.30068125284568
154	98	66.19447899910291
154	1	61.99727551977978
154	127	61.80834617082173
154	168	60.74870848078439
154	56	60.089248737093655
154	173	59.72167587582433
154	79	59.383667829695305
154	195	58.423516256635196
154	204	58.32312944599233
154	69	57.3248717936599
154	96	57.066496285026666
154	210	56.90187978330721
154	89	55.981067335292146
154	22	55.854076032033575
154	121	55.8244520456144
154	183	54.78285319930203
154	176	54.44040167172579
350	174	75.29751465517212
350	100	66.7967426050408
350	1	62.46113881266918
350	56	60.53883618352179
350	79	59.82797612344517
350	69	57.75377618617932
350	96	57.49346751333473
350	22	56.27197593831654
350	121	56.24213030538509
350	176	54.847724473799765
350	7	54.83345908551711
350	318	53.88026726486441
350	423	52.93381177625554
350	222	52.60584591359097
350	64	52.471837267667155
350	191	52.04555836589118
350	117	51.78074744682656
350	28	50.28600989394658
350	288	49.315453448735965
350	202	48.88485131575119
155	50	193.70293902379322
155	174	164.9030217769774
155	181	164.25815759651277
155	172	146.95229383612826
155	100	146.56787118392526
155	98	145.93829167558002
155	258	141.3774080966449
155	1	136.9785934507314
155	127	136.7204115057666
155	168	133.89947535283022
155	56	132.6246884240398
155	173	131.7840498767785
155	79	131.0919669397898
155	195	128.8317568545875
155	204	128.60772850515724
155	69	126.36330288039456
155	96	125.85427555552693
155	210	125.42590207729133
155	22	123.44137553309515
155	89	123.38448072669483
351	50	63.099497946920756
351	181	53.595092019030744
351	174	53.4757350986682
351	100	47.69411397885126
351	172	47.654566014869594
351	98	47.32573934848933
351	127	44.49089611454781
351	1	44.43699717383755
351	168	43.42172021263884
351	56	43.064214556293166
351	173	42.735717426520644
351	79	42.54866288285543
351	195	41.77833024290764
351	204	41.70568099403622
351	69	40.97784527055994
351	96	40.83471460737801
351	210	40.689393589129544
351	22	40.16421017529871
351	121	40.057650355856914
351	89	40.01185506200738
352	181	81.40005484199267
352	258	71.52546258489785
352	127	67.72244119557861
352	1	67.29709844738458
352	168	65.87968052294623
352	173	65.3606051732336
352	204	63.622980396364106
352	96	62.793678220686715
352	69	62.33339593520197
352	22	61.51890549315737
352	121	60.40932091994536
352	183	60.00754186078917
352	7	59.41250832250194
352	318	58.26188913070609
352	288	57.00309322050861
352	423	56.98533309156337
352	222	56.87624649200002
352	64	56.849084809933764
352	117	55.95675798080772
352	191	55.785260991812095
353	50	95.48646918265257
353	174	80.92120060242297
353	181	80.62368314484698
353	172	72.11559697682839
353	100	71.83853374557864
353	98	71.48441571785058
353	127	67.20318406944524
353	1	66.53924334576121
353	56	65.61067026489346
353	168	64.94682154451536
353	173	64.54414467879583
353	79	64.2174212348299
353	195	63.367035128493164
353	204	62.74264370631234
353	96	61.99463958595884
353	69	61.44910807014089
353	210	61.41770082838795
353	22	60.875443345138336
353	89	60.72450961395137
353	121	59.758654892122046
354	174	101.42778597310992
354	172	90.25959800516527
354	127	84.37220840293148
354	1	82.90641484331938
354	56	82.14263300988023
354	79	80.12492908443839
354	204	78.8908524060022
354	195	78.84872236326304
354	96	77.21405761093675
354	69	76.73692956153151
354	22	75.79070826127737
354	121	74.10751630671773
354	183	73.86068044587702
354	176	73.69844059588146
354	318	72.09088544474918
354	288	72.07688054416626
354	64	70.40501553980174
354	191	69.41269593397811
354	117	68.52119689409491
354	28	67.23221132559347
355	50	165.17756810961464
355	174	140.08484482829732
355	181	138.80330994139425
355	258	128.04814474297515
355	100	124.74020692266892
355	172	124.63086020131306
355	98	123.73273993808513
355	127	116.78344258914419
355	1	114.73881973912961
355	56	113.43696814810136
355	168	112.7944789500086
355	173	111.70144343318624
355	79	110.66626581549774
355	204	108.93874263252235
355	195	108.83376804247827
355	96	106.57746357552365
355	210	106.0545104209804
355	69	105.9645010501071
355	89	105.33067117949425
355	22	104.65965784037068
356	50	76.34545398121092
356	174	64.67428162463685
356	181	64.09406490305479
356	100	57.44676209750878
356	172	57.28670524938757
356	98	57.234605045368895
356	127	53.84345536574435
356	1	52.90745556592712
356	56	52.26529804702062
356	168	52.008120967966605
356	173	51.47309934016283
356	79	51.23751548097174
356	204	50.328609227018916
356	195	49.98507303464768
356	69	49.09782670060865
356	210	48.8602922398127
356	96	48.834828443391814
356	22	48.26473752274396
356	89	48.18891022824045
356	121	47.229854939398706
65	174	9678.234104416173
65	181	9597.412242521743
65	172	8620.39220837328
65	100	8599.719795074729
65	127	8116.558802263031
65	56	7825.986761046911
65	173	7743.902626036239
65	79	7704.240862028115
65	204	7555.087525984919
65	195	7476.350301478853
65	210	7312.792546325559
65	96	7312.671169511932
65	288	7299.991349870766
65	22	7258.451861514023
65	89	7221.359196713982
65	121	7188.964284305125
65	183	7013.9887939835335
65	176	7009.101048511175
65	286	6999.492054675977
65	7	6983.806951785794
357	50	137.30312913032586
357	181	115.40308620669047
357	174	114.741335425761
357	258	108.86890336595914
357	100	103.63606944224588
357	172	101.71897530068647
357	98	101.64553890095888
357	127	96.70176244885901
357	56	92.8275533953609
357	168	91.9872885264609
357	173	91.30772995990634
357	79	91.02308581458857
357	204	89.0380537337584
357	195	88.57015480595263
357	69	87.15722786106659
357	288	87.07698738678855
357	96	86.63106845517142
357	210	86.59475068848532
357	22	85.69103768502478
357	89	85.13785233370372
66	181	103.92254617443267
66	174	101.12020522195667
66	258	97.5416711125147
66	100	92.85861940779398
66	98	89.59335215050488
66	172	89.5477289639722
66	1	87.1224228673549
66	56	81.70503597060258
66	168	80.78537864234241
66	173	80.2921625635719
66	79	80.06739380387208
66	204	78.42652678986146
66	288	78.03738651705689
66	195	77.86560816381984
66	69	76.71913518478486
66	210	76.10637210698607
66	96	76.00058120605419
66	7	75.52634510193906
66	22	75.38469694816847
66	89	74.94206269583566
358	50	120.95955022222601
358	181	101.3632497937538
358	100	91.14019872043504
358	98	87.52409252851517
358	172	87.30122606522083
358	1	85.27357226091546
358	56	79.79039915552262
358	168	78.75231330407293
358	173	78.25364876126407
358	79	78.01744967898773
358	204	76.46893503822801
358	121	76.41531924889165
358	195	75.81625730250272
358	288	75.53246956950075
358	69	74.89568223561932
358	210	74.28053210578271
358	7	74.1953066643093
358	96	74.11272461436769
358	22	73.21735500860004
358	89	72.96650409965376
67	50	97.90205959518809
67	181	82.07924248896845
67	174	79.68476497993336
67	258	76.35042441167803
67	100	73.76159215661114
67	98	70.93699273317061
67	172	70.61722575938458
67	1	69.27590626887925
67	127	69.2100897408068
67	56	64.5926009155274
67	168	63.74596239520207
67	173	63.29893344731791
67	79	63.09187211856601
67	121	61.958013737258675
67	204	61.92053860836229
67	195	61.4356297997232
67	288	61.15280651755666
67	69	60.68147365842957
67	7	60.20217850120903
67	210	60.135193351334365
293	181	8169.68658923536
293	172	7027.277283758907
293	56	6443.473555339535
293	79	6284.930074490761
293	195	6127.292711392412
293	288	6091.079351804088
293	69	6043.840907886115
293	210	5989.05257559339
293	22	5905.374905921674
293	318	5728.564140360899
293	183	5727.385412072632
293	300	5676.176578874283
293	64	5556.946702780958
293	423	5533.178555332165
293	191	5432.397451198849
293	12	5215.676962948775
293	216	5168.425401389131
293	202	5108.613144969179
293	151	5072.256880460422
293	135	4945.793779971048
68	50	86.77740506095259
68	174	68.05130814265328
68	100	65.41852872328153
68	1	61.19225067885727
68	98	60.68926038218666
68	172	60.24580617318638
68	56	55.24869940330718
68	168	54.35508488151048
68	173	54.011739945995544
68	79	53.836948703468714
68	288	53.60744263396938
68	7	53.31852320163442
68	204	52.83871058719042
68	195	52.466667627187796
68	69	51.68420581922311
68	96	51.46794522460243
68	117	51.42308398510548
68	210	51.36789874828715
68	22	50.65796091715558
68	313	50.6169697130638
359	174	64.21292726921105
359	258	63.75177289201869
359	100	61.755387083010376
359	1	57.86461881627106
359	127	57.792511151937084
359	98	57.266130061370184
359	172	56.84768854059782
359	56	52.13243967428522
359	168	51.28922878149011
359	173	50.96524994883848
359	79	50.80031766979777
359	288	50.583756710856164
359	204	49.85838439463482
359	195	49.507326227147566
359	69	48.76899856619434
359	96	48.564935981468366
359	117	48.5226051051392
359	210	48.47053254849237
359	22	47.80063820611543
359	313	47.761959078867726
294	174	49.29408285530974
294	127	45.62607433005414
294	98	44.111997618930864
294	172	43.63972648456677
294	56	40.10156019243449
294	7	39.89302761096301
294	288	39.695980135290256
294	168	39.193812680898404
294	79	39.059557349439245
294	173	39.04119629379291
294	204	38.23655289444114
294	195	37.83510374054056
294	222	37.5799717016862
294	300	37.46557192655563
294	69	37.264392964875526
294	96	37.14480105501127
294	210	36.93384348406348
294	22	36.641579969868545
294	89	36.42351815616902
294	318	35.67422690546121
360	181	41.12206560289761
360	127	34.634651874783664
360	98	33.37193463895604
360	121	30.581202073516792
360	7	30.376549260667506
360	288	29.981802213950203
360	168	29.533146686040823
360	173	29.41540599662668
360	79	29.411672005785316
360	117	29.19550044840332
360	204	28.8078240746838
360	195	28.54274081491981
360	222	28.361279583103723
360	300	28.22354296117027
360	313	27.97689272383406
360	22	27.698510109211714
360	294	27.45599655321156
360	89	27.413716152379656
360	237	27.04974661528655
360	318	26.977249110569556
69	258	37.45302682012679
69	174	37.0622373674777
69	100	36.84137120746958
69	127	34.42830402644961
69	1	34.2630314282089
69	121	30.399004046230328
69	56	30.2183328616308
69	168	29.357192809119216
69	173	29.240153600349654
69	286	29.219706177953466
69	204	28.636191556635456
69	195	28.37268762154548
69	300	28.055391498771964
69	69	28.001824738385046
69	96	27.91341309819172
69	313	27.8102107650401
69	210	27.727390686932793
69	22	27.533486710571577
69	89	27.250389511669216
69	318	26.81652287234827
70	50	82.262405776385
70	258	62.27386867025181
70	100	61.69938040963101
70	127	57.58345120554317
70	98	56.50229103104537
70	56	51.42072403210244
70	121	51.33071010896697
70	7	50.64082366121319
70	288	49.43248374397694
70	117	48.61692107038069
70	195	48.45065924493031
70	286	48.271197365436976
70	69	47.94870051246862
70	96	47.67288684540844
70	210	47.66687601484959
70	22	46.84769855590427
70	89	46.45520734305092
70	318	45.59733495447829
70	176	45.326163565177445
70	294	45.29300562195472
361	181	66.21162776035322
361	174	60.58529653115995
361	100	59.0528439164203
361	1	55.66164460190186
361	127	55.06912694233521
361	172	53.91279919177781
361	7	48.50539686288424
361	173	48.13922814788486
361	288	47.28321868734547
361	117	46.48414518955949
361	195	46.371970588921016
361	286	46.13605172696745
361	69	45.85627365527806
361	222	45.77669750486727
361	210	45.66015638525316
361	96	45.65013421463335
361	22	44.819979683043584
361	89	44.45427885848208
361	313	44.238488186228814
361	300	44.1769643621106
362	50	153.35261444630302
362	181	129.15625191684032
362	258	118.19185243464277
362	174	117.77443584672456
362	100	115.15985575669134
362	1	108.23765152040072
362	127	107.29344263121791
362	98	105.17095995784052
362	172	104.7732209275766
362	56	95.81708423969074
362	121	95.57210602094153
362	7	94.37328059173487
362	288	94.36308857549204
362	168	94.34783122947904
362	173	93.55296073720774
362	79	93.39348029591362
362	286	91.97167117544602
362	204	91.72010533812633
362	117	90.53194902482797
362	195	90.16099806288112
363	288	50.77035534189051
363	286	49.59333366738746
363	96	49.028348503920064
363	300	47.59191203325813
363	318	46.682602113783126
363	183	46.50216106524548
363	294	46.379680849090335
363	237	45.55893164397166
363	64	45.36725837721163
363	191	44.26627659641009
363	357	42.11550218924915
363	405	41.79430155134598
363	202	41.41054080948717
363	483	41.23734474754138
363	135	40.28894421213698
363	82	39.820230862842315
363	132	39.771571845970314
363	196	39.61466840428147
363	228	39.08409773351826
363	144	38.99559613250579
71	50	81.2950776645192
71	258	62.0638012111566
71	1	57.41062457259623
71	127	57.01645949168229
71	172	56.18664578141308
71	56	51.42231820390177
71	121	50.51832546101001
71	173	50.292002526294645
71	7	50.24771189513314
71	79	50.02061686027421
71	288	49.34321896128295
71	204	49.129852549777475
71	195	48.391637331377446
71	117	47.826807812893726
71	96	47.705290361302666
71	69	47.605400945386975
71	222	47.5147798768817
71	210	47.479848675949114
71	22	46.672409352717075
71	89	46.52581859354637
364	50	207.64318213872355
364	181	174.69406029606137
364	174	161.2820622858634
364	258	159.97454882898626
364	100	157.10475520037338
364	1	146.7565205719434
364	127	145.6083379261272
364	98	143.85306671978066
364	172	143.33083291091955
364	56	131.18546527640373
364	168	129.96862048690858
364	121	128.80612358827756
364	173	128.3166773236923
364	7	128.16694101538
364	288	127.69598576625073
364	79	127.52252155269154
364	204	125.30649717601932
364	195	123.34355870900494
364	117	122.03541028833186
364	96	121.59415566197734
365	50	198.53885370935984
365	181	166.87971362934857
365	258	153.5464473828975
365	174	152.94561987345816
365	127	139.27195144011483
365	98	136.45567742496758
365	172	135.7180899626993
365	56	124.33285024561779
365	121	123.37552270996432
365	168	123.27098638523019
365	7	122.9824715303808
365	173	121.6513046276388
365	286	121.55513803440566
365	79	120.88871122181199
365	204	118.84448455362954
365	117	117.01450140511842
365	195	116.86952447011718
365	300	115.79900631559836
365	313	115.58736639080526
365	96	115.3630073086105
366	50	361.3223532272375
366	181	303.814819222137
366	258	278.9852039053702
366	174	278.64643298677885
366	100	275.73226346211175
366	1	255.82085451214027
366	127	253.77722239259944
366	172	247.29652453530446
366	56	227.15279103050995
366	7	225.0274317414695
366	121	224.517152836187
366	168	224.47886423818255
366	173	221.63571041216852
366	286	220.41668104361244
366	79	220.32026934107228
366	204	216.4638630352335
366	195	213.04142118927044
366	117	212.85353681789786
366	222	211.1965579046011
366	96	210.39948852481444
72	181	104.7849621491726
72	258	95.59044372649346
72	100	95.53227331335306
72	127	88.26019310137951
72	172	85.9604634711648
72	168	77.87682539981235
72	288	77.71919536107715
72	121	77.41559104900809
72	79	76.9424100904253
72	173	76.89642843598487
72	286	75.63467102553597
72	204	75.13760368919965
72	195	73.88760616437857
72	117	73.4841315488356
72	96	73.03921178129825
72	210	72.51779800926009
72	313	71.67489088595254
72	300	71.53456742270215
72	89	71.41484446150967
72	22	71.40503532059033
367	181	92.97845022875535
367	174	86.07079971368286
367	100	84.78362709477244
367	258	84.76201321802007
367	1	78.3016196307824
367	127	78.29808233202559
367	172	76.25333934736462
367	56	70.74711317810919
367	168	69.0687875021337
367	288	68.95945420304612
367	121	68.67271353253425
367	173	68.2154158476996
367	79	68.20669425986974
367	286	67.02605516619874
367	204	66.60820056058888
367	195	65.57751708601701
367	117	65.14780912464579
367	96	64.86331171747425
367	69	64.81835638030272
367	222	64.6503999507788
73	50	133.97871702462461
73	181	112.45396825148161
73	174	104.3951464207276
73	100	102.6731395076016
73	258	101.72983648924871
73	98	95.37259752677613
73	127	95.15272396493098
73	172	92.7337758503481
73	56	86.46353048547441
73	7	84.47673755198508
73	168	83.94362914071696
73	288	83.08293303118795
73	173	82.69006230482361
73	79	82.6363431438162
73	121	82.56173408701838
73	204	80.62508719400786
73	286	80.3568971505199
73	195	79.66548566369565
73	69	78.53699310933273
73	117	78.26806385832613
368	50	124.46384374844595
368	174	97.02458360990076
368	258	94.52239969250456
368	1	87.65646554917356
368	172	86.10757283446283
368	168	77.97533855776678
368	288	77.22943342778119
368	173	76.8113379518914
368	79	76.75105203436517
368	121	76.70513967249805
368	204	74.86277519639552
368	286	74.59744793529087
368	195	74.04174897059883
368	96	73.3068672853557
368	69	72.90264700521793
368	117	72.69273275318318
368	210	72.63065328125137
368	222	72.35594948447711
368	22	71.39164370467554
368	176	70.39205534810688
74	50	134.21292214833701
74	181	112.4985433920946
74	174	103.97349640675935
74	100	102.67591932887666
74	127	95.02038898216809
74	98	94.93959882034454
74	1	94.13202878648484
74	172	92.5062373855672
74	56	86.26328763652789
74	288	84.81529235989396
74	168	83.69196883819008
74	121	82.4100816217365
74	173	82.3830967908507
74	79	82.24782225549531
74	286	82.0148965153759
74	204	80.34751152655369
74	195	79.30307355977348
74	96	78.53013123652376
74	117	78.17346138119859
74	69	78.11925931455642
369	181	91.27378108084186
369	174	84.34546796185354
369	258	84.12607297311608
369	100	83.29279155273333
369	127	77.06662532847396
369	98	76.98508304813798
369	1	76.36881443763913
369	56	69.93032015845066
369	288	68.79317960687054
369	7	68.6154535029162
369	173	66.80878017102148
369	121	66.74647525428414
369	79	66.57720638981056
369	286	66.54638068568195
369	204	65.10489295371427
369	195	64.24623834497442
369	313	63.7933170927764
369	96	63.61177366118691
369	117	63.30023001953382
369	69	63.2756275726232
75	50	134.96218658893423
75	181	113.07335699467727
75	174	104.22289032288408
75	258	103.47840424312123
75	100	103.19613311414244
75	127	95.52596424787528
75	98	94.995224637825
75	172	92.90378732413289
75	7	84.87253969077322
75	288	84.4262336007594
75	168	83.6524597060643
75	121	82.87011664973618
75	173	82.32696404044727
75	286	82.04324481991023
75	204	80.31476662641084
75	195	79.31614673317885
75	96	78.21630848113575
75	313	78.2096789554698
75	210	77.93585632255643
75	69	77.88254313023104
370	258	84.54515272771064
370	127	78.0710395522756
370	1	77.63072248338807
370	56	70.52532234184716
370	7	69.55488209477652
370	288	68.83465892586574
370	168	68.44969941356224
370	121	67.70578752942949
370	79	67.16364781402253
370	286	67.04438414979859
370	204	65.71782917005676
370	117	64.27911456172963
370	96	64.07664676354003
370	313	63.981875955285666
370	69	63.731831550931645
370	300	63.39675314332232
370	89	63.274031759102904
370	22	62.49931799822755
370	318	61.261181387091554
370	237	59.78415010712596
76	50	154.39946400838906
76	181	129.10616437441544
76	174	119.88617092870366
76	100	117.78830812093581
76	258	117.13291249497753
76	127	109.40886692909805
76	98	109.21590167077241
76	1	107.97684349261058
76	168	96.25976465736372
76	288	95.45539730143702
76	173	94.9566582393009
76	79	94.52334599569349
76	121	94.39986343233312
76	286	92.73391737982377
76	204	92.72953634461162
76	195	91.33809439713514
76	210	89.94303512421399
76	69	89.80500385323091
76	117	89.63066365463386
76	89	89.04274255863896
371	174	92.7690857875005
371	100	90.60805007852089
371	258	90.08000132710279
371	98	84.29289530573602
371	172	82.77029610762415
371	56	76.64729043982548
371	7	74.8097799057146
371	168	74.30144663586026
371	173	73.36922977910194
371	288	73.32632884932036
371	79	73.01304814012971
371	121	72.88015892088143
371	286	71.17772788020262
371	195	70.56484849313684
371	96	69.55367709443803
371	89	68.89127299404355
371	222	68.72748462477998
371	313	67.82919058928739
371	300	67.17280721752066
371	318	66.6652092714953
77	50	259.374818448759
77	181	217.47511563691606
77	174	202.90996061808085
77	100	197.1135724339639
77	258	195.33575358279077
77	172	181.0381782436539
77	7	163.65684888994025
77	168	162.58058141263967
77	79	159.44735109634848
77	288	159.19772457792195
77	204	156.89670311466705
77	195	154.51960668148635
77	286	153.71863327443793
77	210	151.96677140253217
77	69	151.91108416114199
77	89	150.65599267714148
77	117	150.07787204742334
77	22	148.79877920540196
77	176	146.8988142898907
77	313	146.3301805276286
372	50	623.3158011593569
372	181	522.4823028812121
372	174	487.80461968774654
372	258	469.2208100073895
372	127	442.3808156385042
372	1	437.3906018597879
372	172	434.97460366021045
372	168	390.04635865711356
372	173	385.4443006683087
372	121	380.97500406945466
372	204	376.4403831807344
372	195	371.39963971508337
372	286	369.1186254209218
372	96	367.23773707866246
372	210	365.06169690570226
372	69	364.711191711365
372	89	362.2738072789039
372	117	361.36902095611947
372	222	359.97535511353817
372	183	358.7457231260482
78	50	617.8345239049811
78	181	517.5819043718294
78	174	480.44635326185187
78	100	471.7962016574081
78	258	465.3890297113762
78	98	440.26202320624265
78	127	438.33812350733996
78	1	434.86652299285134
78	172	428.6246622229171
78	56	400.1207985779173
78	7	391.96820668413744
78	168	384.4221129688191
78	173	379.8192968795616
78	121	378.61297062078773
78	79	378.0540117331875
78	204	371.12605199849673
78	286	366.3357095613993
78	195	365.7395710673682
78	96	361.8875124825233
78	210	359.8150016887629
29	50	407.3144219877897
29	181	340.5921927801982
29	174	316.72111030552026
29	100	311.2273614053809
29	258	308.1954715115195
29	98	289.84311065933224
29	127	289.25542962635814
29	1	286.10692661169435
29	172	282.59455048292364
29	56	263.77382099367424
29	7	258.01510587145543
29	288	254.22101881555207
29	168	253.06440615441838
29	173	250.11766387837764
29	121	249.03122992145524
29	204	244.4693085922627
29	195	240.77532771726027
29	96	238.27511130838894
29	210	236.82181223500987
29	69	236.44899037999946
79	50	479.31060530538855
79	181	400.4716897866637
79	174	370.6247007864716
79	100	367.8857654933
79	127	340.99360388441715
79	98	339.2865962779843
79	172	330.52422964806
79	56	308.6949151304965
79	7	303.5941950841643
79	288	298.8346924517281
79	168	296.1379496739743
79	173	292.6493226971698
79	121	292.4199309072345
79	79	291.8662642368942
79	286	290.9332388296143
79	204	286.1639087559757
79	195	281.49851615116984
79	96	278.71663524283986
79	210	277.1066130542925
79	117	276.982663761654
30	181	254.14962378817353
30	100	232.84717691324292
30	127	216.02046472500774
30	98	214.5466321039194
30	1	214.06029119839366
30	56	195.7270470009765
30	7	191.8313643396818
30	288	189.55989146534802
30	168	187.93035376099235
30	173	186.05448296730347
30	121	185.33222071411635
30	286	185.25579068289167
30	79	185.09862141688762
30	204	181.49742124792567
30	195	178.44579857959792
30	96	176.8939137819001
30	210	175.9574574686215
30	117	175.45048379002574
30	222	175.3039121480945
30	89	174.37749573070815
31	50	430.6503909139891
31	181	358.97391082887714
31	174	333.38580106507305
31	258	330.3834695482629
31	100	329.9406764871276
31	127	306.16451878962897
31	98	303.6677582954944
31	1	302.9060956710539
31	172	297.3135357107487
31	56	277.54500741559565
31	7	271.520810914111
31	288	268.57114381724233
31	168	265.78044641877324
31	286	263.30754018820767
31	173	263.21263278104374
31	121	261.81839378638557
31	79	261.8021408743128
31	204	256.4865193570767
31	195	252.23416441803224
31	96	250.226774424093
32	100	169.97437082027156
32	258	169.95614459053613
32	174	169.50566779793726
32	127	157.23368287966295
32	1	155.92958263322907
32	98	154.46950050916774
32	172	151.03378466113926
32	56	141.20972848192943
32	168	135.08208804507277
32	286	134.9635729702718
32	121	134.62045009155568
32	173	133.71662826193028
32	79	132.95835967370047
32	204	130.22560109699776
32	195	128.0065315970742
32	117	127.85057861719437
32	96	127.15627902509988
32	300	126.98230055054198
32	69	126.3589343680159
32	210	126.24434348294116
156	50	994.6597389753449
156	181	829.6057236967364
156	258	762.4666967782593
156	174	760.9819506787395
156	127	706.4974875137472
156	1	698.5902188870233
156	98	693.6066149608464
156	172	677.5492734474698
156	56	634.1962318301938
156	7	629.2888565686593
156	288	621.5475974738509
156	286	607.6481227016149
156	168	606.466215678627
156	121	603.2439723553659
156	173	599.708741447282
156	79	596.6182388749984
156	204	584.3048812957485
156	195	573.7486856794313
156	222	573.5581072478719
156	117	572.7830320214116
157	181	199.6331632348216
157	174	180.76134812768825
157	127	170.14866239904433
157	1	168.5219296191505
157	98	165.10053886916435
157	172	160.91186004438262
157	288	151.95043225640018
157	7	151.31682887359588
157	56	150.81641262582036
157	121	145.33502277189524
157	168	144.10110521511243
157	173	142.49189006148484
157	79	141.78583912147482
157	300	140.36219460308757
157	204	138.76899349903417
157	222	137.86508023122306
157	195	136.33115011451846
157	294	136.02852104120512
157	96	135.57516815074086
157	69	134.7837000822181
80	50	205.9758192170246
80	181	171.76569123643387
80	258	158.74195645119192
80	174	156.30332356338562
80	127	146.40269469993945
80	1	144.6652922689588
80	98	142.33619026875826
80	172	139.30098421922466
80	56	130.48569388712303
80	7	130.20853631557281
80	288	130.05706468685545
80	286	126.99377743370965
80	121	125.07584661918018
80	168	124.79024652510586
80	173	123.24054895655813
80	204	120.00096229876236
80	300	119.70176229142784
80	117	119.1411580981879
80	313	118.96502432759213
80	222	118.93727572864418
81	50	179.3142761872821
81	181	149.41048846696222
81	258	137.38806586795496
81	174	135.57912426022435
81	127	127.27196758478841
81	98	123.34266311836248
81	172	120.67132604478533
81	56	113.3328655248995
81	7	113.02004468577381
81	286	109.7341489012584
81	168	108.29154934134037
81	173	106.99173149294509
81	204	104.11938304721255
81	117	103.9864971584355
81	222	103.73659131048773
81	300	103.6082315616419
81	313	102.65821358131764
81	195	102.23779917077879
81	96	101.64949895839018
81	69	101.25245932577464
295	258	382.12107030319584
295	174	379.95359714881533
295	127	354.66176093378454
295	98	345.8594807377715
295	172	338.64248032414434
295	7	315.35574806985966
295	288	313.4146222740627
295	286	304.1727056772723
295	173	300.35397177982384
295	117	290.7385093080107
295	300	287.0744734786132
295	195	286.73386664631363
295	313	285.07981268634785
295	210	283.8317851629195
295	294	280.40913987406026
295	183	277.62560062053507
295	176	274.0793499254296
295	318	273.69440496963756
295	64	266.78305957581966
295	191	258.33253489244686
296	174	106.40836913694419
296	258	105.5426111453531
296	98	96.65994770258966
296	172	94.48989162664348
296	56	88.50094864643398
296	288	86.29199714522545
296	168	85.20665674287253
296	121	85.03082325084655
296	286	84.54696003400672
296	173	83.97308820512828
296	204	81.78680792627928
296	117	80.65668144768993
296	222	80.56673314346604
296	195	80.00506866901662
296	96	79.60950976171061
296	69	79.55824001354885
296	210	79.3143492070087
296	300	79.01445436938387
296	89	78.60696863553214
296	22	78.09832592025231
82	174	101.88362662460489
82	258	101.03167658294933
82	127	95.29165286283535
82	98	92.60081084119624
82	172	90.45135483746552
82	56	84.77223029962478
82	173	80.38404391500156
82	204	78.29120615350112
82	117	77.20938174491775
82	222	77.12327786817153
82	195	76.61806245798792
82	96	76.25002446734062
82	69	76.15788814896517
82	210	75.98641334574218
82	300	75.63734412664544
82	313	75.36356075248139
82	89	75.24727450047355
82	183	74.30597720057918
82	294	74.02193511321482
82	176	73.15942317600134
83	181	113.31164738214275
83	100	104.82945357895237
83	258	101.89300242684465
83	1	96.29965348895055
83	98	94.38365113901507
83	172	92.39293727470624
83	7	85.20754552432996
83	168	83.53347373847579
83	288	83.03977039187019
83	173	82.19738295082419
83	286	80.9618066971761
83	117	78.55312929802497
83	222	78.54602594777194
83	195	78.06669384499693
83	96	78.02440605344827
83	210	77.71321462413898
83	22	76.45888945199846
83	89	76.44442971302128
83	183	75.73772696407838
83	313	75.67170746445498
297	50	3035.5189391385857
297	127	2156.163194903701
297	98	2113.6276465875094
297	172	2069.7437463944484
297	56	1936.1830353373239
297	7	1907.7969429817629
297	121	1859.2427830497402
297	173	1840.4593368838111
297	79	1838.6435013816208
297	286	1814.5914196363176
297	204	1798.0170721483078
297	222	1764.707887926647
297	195	1749.7742940200517
297	96	1748.4971169495411
297	22	1714.6170989493116
297	89	1713.3849863318585
297	300	1700.683748799901
297	183	1696.0913333170317
297	313	1693.8409650963738
297	318	1685.8097992663577
84	50	554.5889309415635
84	181	464.52996942641687
84	174	425.1624674970508
84	127	394.06810346396963
84	172	376.40393240006813
84	56	352.8437630399934
84	7	349.9500556369706
84	121	341.494056141287
84	288	340.77425632112636
84	168	340.12860367086853
84	173	334.9375076870356
84	204	326.92366638100276
84	222	323.0746246700935
84	69	318.5802464544661
84	195	318.21384379683883
84	96	318.213772943585
84	210	316.4464702585189
84	22	312.2016514175265
84	89	311.00371300242085
84	313	309.8554320812656
298	181	118.84325965907067
298	100	109.66626315899182
298	258	105.8526230594596
298	98	99.40148838532377
298	172	97.05925755040768
298	56	90.30125943850011
298	7	88.88730186650731
298	173	86.41727531216107
298	288	85.92132379348955
298	286	84.1088598067474
298	117	82.78457080262231
298	222	82.41160976314471
298	69	82.1951574853826
298	195	82.0308632829419
298	96	81.51038451011668
298	89	80.330916849106
298	300	78.8457307087536
298	313	78.44935277522481
298	176	78.30212102874938
298	237	78.12286055363823
85	127	646.9836458749579
85	1	645.8714843357362
85	98	636.3853873603613
85	56	578.3594138051556
85	7	568.6701196214148
85	288	546.8672258057012
85	286	536.443305737259
85	117	527.4383523694506
85	96	522.8274068879706
85	89	514.6494548071853
85	22	514.0992002728618
85	318	510.0898939811575
85	183	510.0705560093456
85	300	501.69733626025203
85	176	501.03834996000376
85	237	499.72794697656127
85	294	496.4873175646944
85	151	463.6155148663069
85	12	461.8098920292823
85	216	451.7666199477933
86	50	267.15571655535564
86	181	223.4916868818456
86	174	207.38108938777748
86	100	206.5060480411611
86	258	199.4145757227722
86	127	190.6334274936531
86	1	190.07098912442095
86	98	187.16017874137046
86	172	183.25892496110617
86	56	170.15793901430231
86	7	167.1303304788818
86	168	166.29682498434227
86	121	163.8091584201405
86	173	163.17527404945244
86	79	162.66729320983853
86	288	161.61874241339893
86	204	159.35653870573384
86	286	159.11667641786337
86	69	155.26504028271364
86	117	154.84190525828686
299	50	679.7686386215314
299	181	568.7371131424085
299	174	529.1775795590286
299	100	526.0528815966795
299	258	506.60260777199534
299	127	485.6540577771536
299	172	467.41568108051877
299	56	434.46921159628374
299	168	424.45074986151127
299	121	416.2402285138833
299	173	415.993048631755
299	79	414.60812372169977
299	286	405.2939992936537
299	69	395.85488910881514
299	195	394.3743526675537
299	210	393.35411992658607
299	117	392.99430894812036
299	222	392.7501178656857
299	96	392.7184261257469
299	22	385.58837068451373
300	50	274.2882346869584
300	181	229.63259806827094
300	174	213.547067038886
300	100	211.64059257321355
300	258	204.80074494103567
300	127	195.72277254548695
300	1	194.86786520716123
300	98	192.44359645839066
300	172	188.8950456277147
300	56	175.27102505613436
300	7	171.6509402573133
300	168	171.60606999764033
300	121	168.126835798099
300	173	168.11103037978683
300	79	167.3281346721472
300	204	164.45791229675697
300	286	163.39219214202168
300	69	159.82531190003732
300	195	159.3082942503552
300	222	158.73375748323784
87	258	596.7236160694341
87	1	570.8641965207665
87	98	564.0994589434908
87	168	502.560486887751
87	7	501.6763756570124
87	173	492.25301680545516
87	79	490.11235106204873
87	288	485.89606715767866
87	286	475.5652203637289
87	69	468.63059182682315
87	210	466.1119737601762
87	96	465.22410230749824
87	117	463.685811796721
87	183	453.0316570716341
87	318	451.4716726476727
87	300	445.96387076070414
87	176	445.4821619704237
87	313	442.5179709391706
87	294	441.7287968351513
87	237	440.7042634241789
88	50	232.6836437852704
88	181	195.03230472315
88	174	181.6538980805475
88	100	179.26299453183051
88	258	174.22355354389418
88	127	165.67535716004423
88	1	165.52341968914283
88	98	163.66504058523898
88	172	160.8723918617811
88	56	148.86730054117012
88	168	146.16065188739287
88	7	145.46296863386405
88	173	143.0251472461938
88	121	142.96848553357233
88	79	142.57180691449514
88	288	142.05738324085598
88	204	140.3019902526298
88	69	136.22653761144775
88	195	136.04807614672063
88	210	135.45870063024577
301	174	234.91671672336616
301	1	214.54690971876425
301	98	211.88287656218785
301	172	208.32759039916746
301	56	192.74209461716364
301	168	189.0530041804094
301	7	188.14425511805894
301	173	185.3382120174712
301	79	184.6385783492073
301	204	181.56617659272266
301	286	178.9932573237918
301	222	175.5490199251564
301	96	175.1994565120148
301	22	172.0119933989784
301	89	171.93758210613967
301	300	168.24001808007915
301	176	167.65981719690043
301	313	166.74982513317886
301	423	160.7156074078481
301	191	159.94890126114
89	174	153.16750538809467
89	258	146.98946320487858
89	127	139.951214669192
89	98	138.20963934501307
89	172	135.81042434782177
89	56	125.67862092738523
89	168	123.31119872368019
89	121	121.23825194021163
89	79	120.40215486506872
89	288	119.9308290775993
89	204	118.39394357984763
89	286	116.84810793951512
89	195	114.94256191232287
89	69	114.90121065377102
89	117	114.53970902473657
89	210	114.43510458487708
89	96	114.23263705188268
89	22	112.16602580909498
89	89	112.15360248719455
89	183	110.94670000016376
302	50	389.94771162066434
302	181	327.17213503108496
302	174	302.4437804932095
302	100	301.0285656309252
302	258	292.4139315191201
302	1	278.5053071161876
302	127	276.7721121416346
302	98	273.01222656530075
302	172	268.30292511140254
302	56	248.231160662926
302	7	243.9351016946422
302	168	243.47509298280426
302	121	239.62066319288311
302	288	239.24782998616678
302	173	238.82891363926294
302	79	237.74023467021286
302	204	233.84612315406537
302	286	232.78231130057605
302	195	226.90829271315795
302	222	226.89770486624835
90	50	261.17868398567725
90	181	218.70003443559577
90	100	201.8519071038279
90	258	194.9251532678597
90	1	186.043199200322
90	98	183.52890884587728
90	172	180.19660036203268
90	168	163.86302152218394
90	7	163.3694829708429
90	173	160.4240988515143
90	121	159.9992991375632
90	79	159.595911817789
90	288	159.04857563721225
90	204	157.10551871073756
90	195	152.27297799858928
90	210	152.1131426579983
90	222	151.60960238999135
90	96	151.294572168327
90	22	148.68713946458072
90	183	147.19845726096167
91	181	188.32967672986223
91	174	176.15812552346648
91	100	173.50998780647706
91	258	167.09694003239312
91	1	159.8965576750877
91	172	155.80603595576525
91	168	141.45329123949767
91	7	140.38716599850628
91	173	138.46969607052728
91	121	137.74592769644576
91	288	135.99415830088105
91	286	133.42520104610003
91	195	131.89413377187904
91	96	130.87363799651737
91	222	130.32175111013893
91	117	129.96418064480469
91	89	129.04038026872576
91	318	127.31910441261518
91	313	123.95719701697486
91	237	123.24145019498603
303	181	395.2436807550606
303	172	328.3457348846046
303	79	291.33995683690966
303	288	285.08200737452677
303	69	278.93540816967993
303	286	278.699076656834
303	210	277.268105548862
303	96	275.9136389450414
303	89	271.62851466689835
303	183	268.7303223307026
303	318	267.8980109929925
303	176	265.07248169865807
303	300	261.4138348368809
303	313	259.3732957827133
303	294	258.7238219733146
303	237	258.43636712157644
303	483	238.21275550151046
303	202	235.30951226927252
303	234	235.12979506103648
303	135	231.76665735870796
158	50	166.23332851898218
158	100	128.36438098271017
158	258	128.0032387534699
158	127	118.17023826953377
158	1	116.90406612094844
158	98	115.00537502997855
158	172	112.41919327664804
158	288	104.76807427062104
158	286	102.19132175900008
158	79	99.25988675423271
158	204	96.82110496370314
158	300	96.42383540337036
158	117	96.1791021893421
158	222	95.95154944542175
158	313	95.87307268550803
158	69	94.1348225662672
158	183	92.48621691406383
158	176	91.1349575031917
158	318	90.7707429393293
158	237	90.38359756488204
304	50	362.55768912414453
304	181	303.4388583313937
304	174	283.9918584141193
304	100	279.4022901134591
304	258	270.196561735431
304	127	258.5281880345657
304	1	257.712343848195
304	98	256.516883378459
304	172	251.61804688456692
304	56	233.14208817887186
304	168	228.0538523779025
304	7	226.39950980705555
304	173	224.07637132157123
304	79	223.44788930803566
304	121	221.87844549274132
304	288	220.72892745743573
304	204	219.38178348849087
304	69	213.80519355318287
304	195	213.2117555921075
304	210	212.5679322610161
159	50	365.2886837559133
159	181	305.7841195489629
159	174	284.5782115495218
159	100	281.9606507245189
159	258	272.2364839487563
159	127	260.5856132891274
159	1	260.3278722077599
159	98	257.2637338398145
159	172	252.21431630689332
159	56	233.7844766403643
159	168	228.37095587950668
159	121	224.91147165560992
159	173	224.57444591070248
159	79	224.05123782044282
159	204	219.9088308946339
159	286	216.73806411946094
159	69	214.47544361498595
159	210	212.88433010522897
159	117	212.6394393826222
159	222	212.3242396579144
305	50	750.1571369489302
305	174	586.2813382410004
305	100	579.7528089278624
305	258	557.7821289771168
305	98	529.9458981652361
305	56	481.8588284230137
305	7	470.3247669242787
305	79	461.1283976199583
305	288	455.4947693402534
305	204	453.6657574914169
305	210	438.8073235047728
305	117	435.7503181585088
305	22	430.7390252253813
305	183	425.27442082587373
305	313	416.78913514324967
305	294	415.7386336663829
305	237	413.9257238101606
305	423	402.28457186798016
305	151	386.1514001301269
305	28	384.76057902023416
160	50	239.1869395120117
160	181	199.95429184317302
160	174	186.1298936968747
160	258	178.39165854259895
160	1	170.61937609302055
160	98	168.44338534993722
160	172	164.73366804578146
160	56	153.2492647396648
160	7	150.6674835536981
160	121	146.9765957361538
160	173	146.75098618587003
160	79	146.19608653418578
160	204	143.96742310288516
160	286	142.98967506843022
160	69	140.2278327747102
160	210	139.19090632736348
160	117	139.16013718302526
160	96	138.99347378162457
160	222	138.85411062571737
160	22	136.76582886167643
306	50	242.59577400265428
306	181	202.80399211517636
306	100	188.82314972985492
306	174	188.7825719855305
306	127	174.39998391491977
306	1	173.0284574517358
306	98	170.84399979348896
306	172	167.08141249432953
306	56	155.43333624614417
306	7	152.7771855060716
306	168	151.85710829798128
306	121	149.07127067904494
306	173	148.84244579594247
306	79	148.27963784844837
306	288	147.75291687982903
306	204	146.01921204421825
306	69	142.22632597791662
306	195	141.75178441319522
306	210	141.17462150529315
306	117	141.1434138465415
307	174	162.12563737459868
307	100	160.99496724518016
307	258	153.94023143510495
307	127	148.77278213182854
307	98	146.20958627895706
307	7	130.13195135366237
307	173	128.1838405063589
307	79	127.22841901420269
307	288	125.43991229736434
307	69	122.41565802028946
307	195	121.64622826924823
307	96	120.84204924048973
307	117	120.59685306210983
307	22	119.21116155092554
307	89	119.13708325508675
307	183	117.43011213326885
307	318	117.41262100428627
307	176	115.65397237336774
307	300	115.0835961505767
307	237	114.7277453907465
161	174	134.81785374547755
161	258	127.85183035649986
161	127	123.62828095675536
161	1	123.25990238336665
161	98	121.55004619121524
161	172	119.61403867619164
161	56	110.56318000730519
161	168	108.66873083030033
161	7	108.16525664036618
161	173	106.50239341831721
161	121	106.15042858965786
161	79	105.69731480964231
161	288	104.17182756929664
161	286	102.30092947473678
161	195	101.06034196693639
161	96	100.44387834473022
161	222	100.42799647091144
161	117	100.17550547115063
161	89	98.934058562361
161	318	97.54194267409018
162	50	286.3125539558652
162	181	240.03105651693855
162	174	223.80654966158335
162	100	222.26359701478788
162	258	211.729123369486
162	127	205.066293825836
162	98	201.63849467921744
162	172	198.52598867462294
162	56	183.88759549725538
162	168	180.57241401921968
162	173	177.10427917744184
162	121	175.8945603039851
162	204	173.62508893713334
162	288	172.451459779688
162	69	169.02748426174782
162	286	168.5501898148552
162	195	168.10533957156875
162	210	167.89233953772927
162	96	167.00352016379424
162	222	166.73299835967578
163	50	233.47143236360492
163	181	195.67139002930782
163	174	182.78074720650557
163	100	181.39450292867477
163	127	167.46527453161917
163	1	166.93677027099628
163	98	164.7147455808083
163	172	162.29040928314444
163	56	150.2623333822829
163	168	147.68255857561286
163	7	146.83418835755234
163	173	144.79194198094518
163	79	143.77750885867476
163	121	143.42496783579142
163	204	142.21640270099843
163	288	141.14916150551343
163	286	138.4233391856612
163	69	138.24876809836934
163	195	137.49870724040125
163	210	137.17455602423914
308	181	170.24334604814837
308	174	159.0924296489308
308	100	157.8570264392609
308	258	151.12501274405074
308	127	145.5777687230344
308	1	145.21400043611564
308	98	143.40274799918578
308	168	128.45738639564732
308	173	125.94649130290256
308	79	125.00877842260282
308	204	123.5068808055028
308	286	120.25092870758054
308	222	118.17634207846598
308	89	117.07813808430501
308	183	115.3395011678159
308	300	112.78199203921355
308	313	112.33322273250984
308	64	111.08984449872133
308	191	109.25961355765975
308	12	104.9420898511063
309	50	216.39880764824616
309	181	181.57426014345725
309	174	168.47757293736387
309	100	168.3201440426924
309	127	155.2157568129088
309	1	154.67114110522274
309	98	151.98686145679395
309	172	149.43537263889436
309	56	138.47757510529965
309	7	136.01687614587976
309	168	135.87999602068714
309	121	133.29691818419403
309	173	133.28571342259386
309	79	132.33005246046932
309	288	131.75390704444197
309	204	130.66813313449606
309	69	127.30738728017876
309	195	126.6789633281867
309	210	126.36545962941344
309	222	126.05976767457967
164	50	197.39299679499214
164	181	165.65078702000562
164	174	153.6805741966511
164	127	141.58351295957848
164	1	141.28203098856528
164	98	138.63820407545114
164	172	136.31080666726956
164	56	126.31540735367928
164	7	124.2126524706813
164	168	123.94596768117835
164	121	121.58975564544056
164	173	121.57953497234782
164	79	120.70780752022442
164	288	120.18226363439952
164	204	119.19185075618061
164	286	118.34871592549601
164	69	116.12627150064067
164	195	115.553040582737
164	210	115.26707119464426
164	117	114.95372885462824
310	181	420.35054804270857
310	100	388.92786055179437
310	174	388.18992741109713
310	258	376.3892321079724
310	127	358.8590783926432
310	1	357.84280186329784
310	98	350.30074358186334
310	172	344.52099501587463
310	56	319.0339765878632
310	7	314.392073224525
310	168	312.972727689936
310	121	307.9660016543724
310	173	307.12552040986384
310	79	304.8667076414973
310	288	304.2058599114938
310	204	300.9301724968351
310	286	299.3668903543195
310	69	293.3003068783305
310	195	291.68470869731095
310	222	291.2735926183236
165	50	480.16526880051384
165	181	401.92965759015055
165	100	371.7117885993981
165	258	359.2000151766631
165	1	341.91771278808375
165	98	335.0825952746696
165	172	329.99267880419757
165	56	305.41533653499806
165	7	300.40894245288337
165	168	299.4627319180495
165	173	294.3663266696983
165	121	294.1884519325099
165	79	291.6889384678824
165	288	289.94637121995726
165	204	288.1922436171456
165	286	285.5793885126739
165	69	281.14623201338543
165	195	279.0722522503752
165	210	278.4725444666463
165	117	277.9560074043805
166	50	279.96907140957944
166	181	234.29373652638867
166	174	217.01407970504653
166	100	216.5652708307618
166	258	210.14214689878898
166	127	200.32085062911764
166	1	199.17337655741605
166	98	195.5485135410212
166	172	192.69584928630746
166	56	178.25043189893458
166	7	174.91110983158302
166	168	174.74841894348418
166	173	171.91687009559678
166	121	171.68578885252737
166	79	170.16746421982808
166	288	169.80860465309885
166	204	168.32858335088537
166	69	164.40763160184582
166	195	162.9783955189584
166	210	162.7310106622462
311	50	2370.410147613382
311	181	1985.8435270027755
311	174	1840.2713713876853
311	258	1778.6782988931604
311	1	1687.1260224107796
311	98	1658.1463685315764
311	172	1633.4399585056606
311	7	1481.6209502647832
311	168	1481.354488454843
311	288	1437.1506842831263
311	204	1426.1388971778285
311	286	1414.5324050534323
311	195	1382.5663982257233
311	117	1372.096165222957
311	22	1352.6318336208885
311	89	1352.3437417581476
311	183	1332.653552218676
311	318	1332.1772368164084
311	313	1329.580618422395
311	237	1310.1972133947572
167	50	407.7592339874926
167	181	341.31196364229106
167	174	317.5503482875664
167	100	315.1899083682894
167	258	305.0048089172094
167	127	292.6792696150665
167	1	289.6821734237939
167	98	285.8514340556886
167	172	281.5350200897972
167	56	260.3329945725766
167	168	255.95483280459283
167	7	254.80716397168933
167	173	251.35125230506125
167	121	249.8018440003838
167	79	248.86214656060696
167	204	246.0117985356272
167	286	242.97058740859154
167	69	240.80805521603742
167	195	238.35369695125064
167	210	237.79334425908934
312	100	344.83166117022387
312	258	332.62709967939725
312	127	320.4612049108593
312	98	312.44557873705605
312	56	284.69616567911703
312	168	279.48173287691753
312	7	278.2800888405565
312	173	275.06552376802506
312	121	273.7943269716775
312	79	271.9950156793983
312	204	268.77159548350465
312	288	268.43380951757024
312	286	265.9279331868387
312	195	260.26795529919315
312	210	260.1674395224481
312	96	258.54849914218323
312	117	257.3875215256067
312	22	254.62727553547856
312	318	251.95989061646702
312	183	251.12104812484952
168	50	8522.761897685023
168	174	6614.086853920401
168	100	6587.653121832858
168	258	6353.07244873991
168	127	6118.9944495531945
168	98	5947.504863517405
168	172	5852.952858631867
168	56	5417.569212146481
168	7	5320.840923965
168	168	5314.308514518885
168	173	5230.835718916986
168	79	5173.60625300526
168	288	5128.265073876204
168	204	5109.448640828015
168	286	5070.601030085209
168	69	5009.398402744873
168	195	4952.294569382469
168	210	4950.3051352281645
168	222	4939.133147364188
168	117	4933.630028788791
169	181	210.3238996660021
169	174	195.5553154212381
169	100	193.67528132397072
169	127	180.421515493102
169	1	178.6034155297736
169	98	175.59412028401442
169	172	173.0763476456173
169	56	159.7641518214106
169	168	157.18933450445962
169	7	156.10038554488668
169	173	154.6219473466063
169	121	154.6086331355476
169	79	153.01308330580693
169	288	150.3319259272985
169	286	149.08809247191016
169	69	147.91360444978358
169	195	146.39169687674763
169	210	146.35073132891608
169	222	145.40329454937427
169	96	145.2831819758161
313	174	971.9295511117112
313	100	959.741740739452
313	98	871.6212065246517
313	56	792.2498852980974
313	7	774.3156404575586
313	173	767.8543787046398
313	204	751.023311017178
313	288	744.7257346396012
313	286	738.4953836826198
313	69	735.3305310972157
313	96	721.4890000313679
313	117	718.4334551863019
313	22	708.8145260298888
313	318	702.5794438333043
313	313	691.7010006868093
313	294	688.282185567641
313	64	675.3532162325359
313	191	668.4968179697227
313	423	668.4120863793362
313	151	639.2282006859075
170	50	267.86977362674554
170	181	224.5103419382583
170	174	208.6208390173527
170	100	206.29325858561145
170	127	192.4312818854351
170	1	190.37284844617227
170	98	187.15347064106942
170	172	184.52678150746928
170	56	170.06986018138764
170	168	167.5888252300864
170	7	166.35951344324118
170	121	164.85071467109827
170	173	164.8489968166357
170	79	163.01286532355644
170	204	161.17887258316927
170	286	159.71130592264154
170	69	157.81100831305812
170	195	156.18694758159316
170	210	156.18618710847733
170	222	155.043631879266
171	50	188.39316609221777
171	181	158.06016205713183
171	174	146.67021123111593
171	100	145.10040497248994
171	127	135.21830690732597
171	1	134.06116297244205
171	98	131.6050076316648
171	172	129.8687786018442
171	56	119.64033358957998
171	168	117.84050167841085
171	7	116.96292612559469
171	121	116.29397119763058
171	173	115.96857523363494
171	79	114.9142201992401
171	204	113.47382475070218
171	69	111.18324980285023
171	195	109.89007078487698
171	210	109.79583282410977
171	222	109.10641420717913
171	117	108.89676361804368
314	50	170.48516684673683
314	181	143.08999126641612
314	174	132.76719759861166
314	100	131.30241579148944
314	258	128.70653481768892
314	127	122.2578729113272
314	98	119.1412036360861
314	172	117.5548451632665
314	168	106.64762503627615
314	7	105.78029442717414
314	79	104.01325181373622
314	288	103.97838864876518
314	204	102.69503734375581
314	286	102.56843417993915
314	210	99.47056906485774
314	195	99.4679118536161
314	222	98.69872241323279
314	96	98.64346562200477
314	300	97.81969772444589
314	89	97.28319882355461
115	50	355.60528111169265
115	181	298.2817738523039
115	258	267.9960288427716
115	127	255.84225764586486
115	1	253.19444097667335
115	172	245.68003476754103
115	168	222.83899633642673
115	173	219.33193877010183
115	288	216.766325908743
115	204	214.7511324013991
115	286	213.69681556342283
115	69	210.25768658640246
115	195	207.8144672156851
115	210	207.7396006543061
115	222	205.63347276051704
115	89	203.50875150305734
115	300	203.20746428131102
115	22	202.7809558434895
115	318	201.05000449322247
115	313	200.8983096995585
315	50	567.9688431831031
315	181	476.08294556977035
315	174	443.7578115656385
315	100	439.16058108186127
315	258	428.15206508343715
315	127	409.35332859509367
315	1	404.2775455384429
315	98	398.42569848448846
315	172	392.51169290406796
315	168	356.35502141928646
315	7	354.2006510076959
315	69	335.7797130730593
315	195	332.06843407121454
315	210	331.88763498156084
315	96	330.1224963045795
315	117	328.76039714478827
315	222	328.3445552101275
315	89	325.24407554652214
315	300	324.0516082489604
315	22	323.9354924924052
